        -0.6228414349        0.6547969757       -4.1242191156
        -0.0899179441        0.2338842221       -3.3918825713
        -0.7836134881       -0.2215668806       -2.8391162598
        -0.2501055916       -0.6247686859       -2.0963245905
        -0.9174608799       -1.1143793599       -1.5418897395
        -0.3443912345       -1.4403254710       -0.7923445749
        -0.9117437231       -1.9929993981       -0.2001981809
        -0.2307207938       -2.1715101360        0.5149033384
        -0.5800821016       -2.7576676777        1.2345428459
         0.2343915393       -2.9469294818        1.8026544117
         0.6225869982       -2.0539538969        2.0390781244
         1.5870177104       -2.1537032186        2.2929923268
         1.8759307279       -1.1938912421        2.3124586621
         1.3639074629       -0.8438159216        1.5261694037
         1.4953027620        0.1419722618        1.3982062135
         0.8872667860        0.2678470054        0.6116266482
         0.8342353213        1.2213512678        0.3103653143
         0.1869570693        1.1153362221       -0.4508389757
         0.0004577804        2.0007765525       -0.8778026513
        -0.6411618946        1.7587131259       -1.6121588389
        -0.8699262138        2.6232730527       -2.0558040201
        -1.5673501969        2.3879759927       -2.7325462626
        -1.1054072020        1.8473014171       -3.4378509615
        -0.8363134696        0.9630322002       -3.0379324600
        -1.2430326599        0.9408046259       -2.1232494909
        -1.0449411248        0.0329876402       -1.7521004260
        -1.4704369845       -0.0049827496       -0.8440596476
        -1.2429570130       -0.9104459703       -0.4796125910
        -1.7079684182       -1.0195181463        0.4051500964
        -1.3933299275       -1.9083108304        0.7654350763
        -1.9617483221       -2.0714296288        1.5726098608
        -1.6556007441       -2.9600205253        1.9158268540
        -1.9320826579       -3.6458727146        1.2295316305
        -1.3493657198       -3.5656622197        0.4108267270
        -0.5115461585       -4.0937775495        0.5898418184
         0.0557467336       -4.0399181724       -0.2412873891
         0.2086864650       -3.0583548957       -0.3740666045
         0.7771513722       -2.8866173456       -1.1852286243
         0.8026813725       -1.8805359536       -1.1995592297
         1.3240103037       -1.5546911112       -1.9905204300
         1.2356064097       -0.5507919220       -1.9386308299
         1.7568854207       -0.1964696652       -2.7225560066
         1.6688936388        0.8003114871       -2.6620691651
         2.1728396646        1.1711102512       -3.4434388269
         1.5800593903        1.0758128309       -4.2472891865
         0.8469146735        1.7523756084       -4.1362089248
